# This file may be used to create an environment using:
# $ conda create --name <env> --file <this file>
# platform: win-64
_py-xgboost-mutex=2.0=cpu_0
bzip2=1.0.8=h8ffe710_4
ca-certificates=2022.9.24=h5b45459_0
click=8.1.3=win_pyhd8ed1ab_2
colorama=0.4.6=pyhd8ed1ab_0
flask=2.2.2=pyhd8ed1ab_0
importlib-metadata=5.0.0=pyha770c72_1
intel-openmp=2022.1.0=h57928b3_3787
itsdangerous=2.1.2=pyhd8ed1ab_0
jinja2=3.1.2=pyhd8ed1ab_1
joblib=1.2.0=pyhd8ed1ab_0
libblas=3.9.0=16_win64_mkl
libcblas=3.9.0=16_win64_mkl
libffi=3.4.2=h8ffe710_5
liblapack=3.9.0=16_win64_mkl
libsqlite=3.39.4=hcfcfb64_0
libxgboost=1.7.1=cpu_h20390bd_0
libzlib=1.2.13=hcfcfb64_4
m2w64-gcc-libgfortran=5.3.0=6
m2w64-gcc-libs=5.3.0=7
m2w64-gcc-libs-core=5.3.0=7
m2w64-gmp=6.1.0=2
m2w64-libwinpthread-git=5.0.0.4634.697f757=2
markupsafe=2.1.1=py311ha68e1ae_2
mkl=2022.1.0=h6a75c08_874
msys2-conda-epoch=20160418=1
numpy=1.23.4=py311h95d790f_1
openssl=3.0.7=hcfcfb64_0
pip=22.3.1=pyhd8ed1ab_0
py-xgboost=1.7.1=cpu_py311h3180b0a_0
python=3.11.0=hcf16a7b_0_cpython
python_abi=3.11=2_cp311
scikit-learn=1.1.3=py311h6619ee7_1
scipy=1.9.3=py311h37ff6ca_2
setuptools=65.5.1=pyhd8ed1ab_0
tbb=2021.6.0=h91493d7_1
threadpoolctl=3.1.0=pyh8a188c0_0
tk=8.6.12=h8ffe710_0
tzdata=2022f=h191b570_0
ucrt=10.0.22621.0=h57928b3_0
vc=14.3=h3d8a991_9
vs2015_runtime=14.32.31332=h1d6e394_9
werkzeug=2.2.2=pyhd8ed1ab_0
wheel=0.38.4=pyhd8ed1ab_0
xgboost=1.7.1=cpu_py311h3180b0a_0
xz=5.2.6=h8d14728_0
zipp=3.10.0=pyhd8ed1ab_0
